0.0022378
0.0028303
0.0034965
0.0042359
0.0050459
0.0059222
0.0068584
0.007846
0.0088744
0.0099308
0.011001
0.012067
0.013112
0.014117
0.015061
0.015923
0.016683
0.017321
0.017817
0.018156
0.018321
0.018302
0.018089
0.017679
0.01707
0.016267
0.015278
0.014116
0.012798
0.011345
0.0097819
0.0081366
0.0064393
0.0047217
0.0030166
0.0013565
-0.0002268
-0.0017034
-0.0030456
-0.0042293
-0.005234
-0.0060435
-0.0066465
-0.0070364
-0.0072117
-0.0071754
-0.0069355
-0.0065039
-0.0058962
-0.005131
-0.0042294
-0.0032142
-0.002109
-0.0009377
0.00027646
0.0015113
0.0027462
0.0039631
0.0051461
0.0062821
0.0073609
0.0083752
0.0093203
0.010194
0.010996
0.011728
0.012393
0.012996
0.01354
0.014031
0.014472
0.014867
0.01522
0.01553
0.015799
0.016025
0.016206
0.016339
0.016419
0.016443
0.016405
0.0163
0.016124
0.015874
0.015547
0.01514
0.014655
0.014092
0.013454
0.012745
0.011971
0.011139
0.010256
0.0093332
0.0083793
0.0074054
0.0064223
0.0054412
0.0044731
0.0035286
0.0026178
0.0017501
0.00093367
0.00017596
-0.00051688
-0.0011399
-0.0016895
-0.0021632
-0.00256
-0.0028797
-0.0031237
-0.0032942
-0.0033945
-0.0034285
-0.0034013
-0.0033183
-0.0031856
-0.0030095
-0.0027968
-0.0025545
-0.0022896
-0.002009
-0.0017196
-0.0014278
-0.0011399
-0.00086162
-0.00059802
-0.00035364
-0.00013222
6.3253e-05
0.00023066
0.00036874
0.00047708
0.00055613
0.00060711
0.00063195
0.00063323
0.00061402
0.0005778
0.00052832
0.00046948
0.0004052
0.0003393
0.0002754
0.00021684
0.00016659
0.00012722
0.00010083
8.9102e-05
9.3223e-05
0.00011397
0.00015172
0.00020649
0.000278
0.00036574
0.00046898
0.00058689
0.00071852
0.00086291
0.0010191
0.0011861
0.0013632
0.0015494
0.0017442
0.0019468
0.0021567
0.0023736
0.002597
0.0028268
0.0030629
0.0033053
0.0035542
0.00381
0.0040728
0.0043431
0.0046212
0.0049074
0.0052016
0.0055038
0.0058134
0.0061296
0.0064507
0.006775
0.0070998
0.0074219
0.0077374
0.008042
0.0083307
0.0085982
0.0088388
0.0090471
0.0092174
0.0093449
0.0094253
0.009455
0.0094321
0.0093555
0.0092259
0.0090455
0.0088183
0.0085494
0.0082459
0.0079156
0.0075677
0.0072117
0.0068572
0.006514
0.0061907
0.0058953
0.0056339
0.005411
0.0052289
0.0050878
0.0049854
0.0049171
0.0048764
0.0048546
0.0048417
0.0048264
0.0047971
0.0047419
0.0046494
0.0045092
0.0043125
0.0040525
0.0037245
0.0033266
0.0028594
0.0023265
0.0017339
0.00109
0.00040549
-0.00030729
-0.0010348
-0.0017628
-0.0024768
-0.0031627
-0.0038073
-0.0043987
-0.0049268
-0.0053834
-0.0057626
-0.0060608
-0.0062771
-0.0064124
-0.0064702
-0.0064555
-0.0063754
-0.0062377
-0.0060516
-0.0058266
-0.0055725
-0.0052986
-0.0050141
-0.0047272
-0.0044449
-0.0041735
-0.0039175
-0.0036803
-0.0034642
-0.00327
-0.0030976
-0.0029459
-0.0028135
-0.0026983
-0.0025982
-0.0025113
-0.0024362
-0.002372
-0.0023186
-0.002277
-0.0022493
-0.0022388
-0.0022497
-0.0022874
-0.0023581
-0.0024685
-0.0026255
-0.0028358
-0.0031055
-0.0034396
-0.0038413
-0.0043117
-0.004849
-0.0054483
-0.0061007
-0.0067932
-0.0075081
-0.0082229
-0.0089101
-0.0095371
-0.010066
-0.010455
-0.010656
-0.010618
-0.010288
-0.0096071
-0.0085163
-0.0069551
-0.0048628
-0.0021798
0.0011511
0.0051837
0.0099667
0.015542
0.021944
0.029197
0.037315
0.046298
0.056133
0.066791
0.078227
0.09038
0.10317
0.1165
0.13026
0.14431
0.15851
0.17269
0.18669
0.20032
0.21339
0.22571
0.23708
0.2473
0.2562
0.2636
0.26932
0.27324
0.27521
0.27513
0.27293
0.26854
0.26194
0.25313
0.24214
0.22902
0.21386
0.19676
0.17785
0.15729
0.13523
0.11186
0.087384
0.061993
0.0359
0.0093177
-0.017542
-0.04447
-0.071257
-0.097706
-0.12362
-0.14882
-0.17313
-0.19639
-0.21844
-0.23914
-0.25836
-0.27599
-0.29191
-0.30603
-0.31827
-0.32856
-0.33682
-0.34301
-0.3471
-0.34905
-0.34886
-0.34651
-0.34203
-0.33543
-0.32675
-0.31604
-0.30337
-0.2888
-0.27244
-0.25437
-0.23472
-0.21361
-0.19116
-0.16752
-0.14285
-0.11729
-0.091012
-0.064183
-0.036972
-0.0095514
0.017906
0.045227
0.072242
0.098781
0.12468
0.14978
0.17392
0.19695
0.21874
0.23914
0.25802
0.27528
0.29079
0.30445
0.31619
0.3259
0.33354
0.33904
0.34237
0.34349
0.3424
0.33909
0.33358
0.32591
0.31613
0.3043
0.2905
0.27484
0.25743
0.23839
0.21786
0.19599
0.17293
0.14887
0.12396
0.098385
0.07232
0.04594
0.019418
-0.0070787
-0.033388
-0.059356
-0.084838
-0.1097
-0.13381
-0.15705
-0.17932
-0.20052
-0.22055
-0.23934
-0.25681
-0.27287
-0.28748
-0.30055
-0.31203
-0.32187
-0.32999
-0.33636
-0.34091
-0.3436
-0.34438
-0.34323
-0.34011
-0.335
-0.32788
-0.31877
-0.30768
-0.29463
-0.27967
-0.26287
-0.24429
-0.22404
-0.20223
-0.17898
-0.15443
-0.12874
-0.10207
-0.074609
-0.046535
-0.01804
0.010678
0.039421
0.06799
0.09619
0.12383
0.15071
0.17667
0.20153
0.22512
0.2473
0.26792
0.28686
0.30401
0.31925
0.33251
0.3437
0.35277
0.35967
0.36436
0.36682
0.36705
0.36505
0.36085
0.35447
0.34596
0.33537
0.32278
0.30826
0.29189
0.27378
0.25404
0.23277
0.2101
0.18616
0.16109
0.13504
0.10815
0.080584
0.052511
0.024098
-0.0044809
-0.033048
-0.061425
-0.089431
-0.11689
-0.14362
-0.16947
-0.19426
-0.21786
-0.24012
-0.26093
-0.28019
-0.29782
-0.31375
-0.32797
-0.34046
-0.35124
-0.36035
-0.36785
-0.37384
-0.37842
-0.38172
-0.38388
-0.38505
-0.38539
-0.38506
-0.38422
-0.38303
-0.38162
-0.38015
-0.37872
-0.37745
-0.37642
-0.37569
-0.37532
-0.37534
-0.37575
-0.37655
-0.37771
-0.37921
-0.381
-0.38302
-0.38521
-0.38751
-0.38985
-0.39215
-0.39434
-0.39635
-0.39812
-0.39957
-0.40062
-0.40122
-0.40129
-0.40077
-0.39958
-0.39764
-0.3949
-0.39127
-0.38667
-0.38104
-0.37431
-0.36639
-0.35723
-0.34677
-0.33496
-0.32175
-0.30712
-0.29105
-0.27354
-0.25462
-0.23431
-0.21267
-0.18978
-0.16572
-0.1406
-0.11456
-0.087725
-0.060262
-0.032335
-0.0041209
0.024196
0.052428
0.080386
0.10788
0.13473
0.16074
0.18576
0.20961
0.23215
0.25322
0.27271
0.2905
0.30648
0.32056
0.33268
0.34276
0.35076
0.35665
0.3604
0.36199
0.36143
0.35873
0.35391
0.34701
0.33807
0.32714
0.31429
0.29959
0.28314
0.26502
0.24535
0.22424
0.20181
0.17821
0.15357
0.12804
0.10178
0.074964
0.047743
0.020291
-0.0072246
-0.034634
-0.061773
-0.08848
-0.1146
-0.13999
-0.16452
-0.18806
-0.2105
-0.23175
-0.25173
-0.27037
-0.28764
-0.30349
-0.31792
-0.33092
-0.34252
-0.35275
-0.36165
-0.36927
-0.37568
-0.38096
-0.38518
-0.38842
-0.39078
-0.39234
-0.39319
-0.39342
-0.39312
-0.39236
-0.39125
-0.38984
-0.38822
-0.38645
-0.38461
-0.38274
-0.3809
-0.37914
-0.3775
-0.37602
-0.37473
-0.37364
-0.37276
-0.37211
-0.37167
-0.37142
-0.37135
-0.3714
-0.37154
-0.37171
-0.37183
-0.37183
-0.37162
-0.3711
-0.37017
-0.36873
-0.36667
-0.36388
-0.36024
-0.35566
-0.35004
-0.34328
-0.33531
-0.32607
-0.31548
-0.30352
-0.29017
-0.27541
-0.25927
-0.24177
-0.22296
-0.20291
-0.1817
-0.15944
-0.13624
-0.11222
-0.087523
-0.062297
-0.036696
-0.010877
0.014998
0.04077
0.066282
0.091382
0.11593
0.13978
0.16282
0.18493
0.20602
0.22602
0.24485
0.26247
0.27885
0.29398
0.30786
0.32051
0.33195
0.34224
0.35143
0.35957
0.36673
0.37299
0.37842
0.3831
0.38708
0.39046
0.39328
0.39562
0.39753
0.39905
0.40024
0.40114
0.40177
0.40217
0.40237
0.4024
0.40227
0.40201
0.40164
0.40119
0.40066
0.40008
0.39946
0.39882
0.39817
0.3975
0.39681
0.3961
0.39534
0.39451
0.39356
0.39244
0.3911
0.38946
0.38744
0.38495
0.3819
0.37818
0.3737
0.36833
0.362
0.35458
0.34601
0.33619
0.32506
0.31256
0.29867
0.28336
0.26663
0.24851
0.22903
0.20826
0.18626
0.16315
0.13903
0.11404
0.088319
0.062017
0.035302
0.0083425
-0.018686
-0.04561
-0.072253
-0.098446
-0.12402
-0.14883
-0.17273
-0.19558
-0.21727
-0.23769
-0.25677
-0.27445
-0.29067
-0.30542
-0.31868
-0.33048
-0.34085
-0.34984
-0.35751
-0.36395
-0.36925
-0.37351
-0.37685
-0.37939
-0.38125
-0.38254
-0.38338
-0.38389
-0.38418
-0.38433
-0.38445
-0.3846
-0.38485
-0.38525
-0.38582
-0.3866
-0.38758
-0.38877
-0.39015
-0.39169
-0.39336
-0.39511
-0.39689
-0.39866
-0.40035
-0.40191
-0.40328
-0.4044
-0.40521
-0.40565
-0.40567
-0.40522
-0.40424
-0.40268
-0.40049
-0.39762
-0.39402
-0.38965
-0.38446
-0.3784
-0.37143
-0.36349
-0.35456
-0.34458
-0.33352
-0.32136
-0.30806
-0.2936
-0.27798
-0.26119
-0.24325
-0.22417
-0.20399
-0.18275
-0.16052
-0.13737
-0.11338
-0.088659
-0.063312
-0.037465
-0.011252
0.015184
0.041693
0.068118
0.094298
0.12007
0.14526
0.16972
0.19327
0.21577
0.23705
0.25696
0.27538
0.29217
0.3072
0.32037
0.33158
0.34075
0.34781
0.35269
0.35535
0.35577
0.35393
0.34983
0.34349
0.33494
0.32421
0.31139
0.29653
0.27972
0.26107
0.2407
0.21872
0.19528
0.17053
0.14463
0.11775
0.090067
0.061774
0.033061
0.0041245
-0.024836
-0.053621
-0.082033
-0.10988
-0.13697
-0.16313
-0.1882
-0.21203
-0.23447
-0.25543
-0.2748
-0.29252
-0.30854
-0.32284
-0.33542
-0.34632
-0.35558
-0.36328
-0.36951
-0.37438
-0.37802
-0.38056
-0.38215
-0.38294
-0.38307
-0.38271
-0.38198
-0.38102
-0.37996
-0.3789
-0.37794
-0.37716
-0.37662
-0.37636
-0.37641
-0.3768
-0.37751
-0.37854
-0.37985
-0.38142
-0.3832
-0.38515
-0.38722
-0.38935
-0.39149
-0.39359
-0.39561
-0.39749
-0.39919
-0.40069
-0.40194
-0.40293
-0.40364
-0.40405
-0.40416
-0.40397
-0.40349
-0.40272
-0.40168
-0.40039
-0.39888
-0.39717
-0.39531
-0.39333
-0.39126
-0.38915
-0.38703
-0.38495
-0.38294
-0.38104
-0.3793
-0.37773
-0.37636
-0.37522
-0.37433
-0.37369
-0.37332
-0.3732
-0.37334
-0.37372
-0.37432
-0.37512
-0.37609
-0.37719
-0.3784
-0.37967
-0.38096
-0.38224
-0.38347
-0.38461
-0.38563
-0.38651
-0.38721
-0.38773
-0.38805
-0.38817
-0.38808
-0.3878
-0.38735
-0.38673
-0.38598
-0.38513
-0.3842
-0.38323
-0.38226
-0.38131
-0.38042
-0.37963
-0.37895
-0.37842
-0.37805
-0.37786
-0.37786
-0.37804
-0.37842
-0.37898
-0.37972
-0.38061
-0.38164
-0.38278
-0.384
-0.38527
-0.38654
-0.38778
-0.38895
-0.38998
-0.39083
-0.39145
-0.39177
-0.39173
-0.39126
-0.39029
-0.38875
-0.38657
-0.38368
-0.37998
-0.37541
-0.3699
-0.36338
-0.35577
-0.34702
-0.33707
-0.32588
-0.31341
-0.29965
-0.28459
-0.26822
-0.25057
-0.23168
-0.21159
-0.19038
-0.16814
-0.14495
-0.12094
-0.096238
-0.070974
-0.045301
-0.019373
0.0066503
0.032607
0.058337
0.083683
0.10849
0.13263
0.15596
0.17837
0.19975
0.22002
0.23912
0.257
0.27362
0.28897
0.30306
0.31591
0.32755
0.33803
0.34741
0.35575
0.36313
0.36961
0.37528
0.3802
0.38445
0.3881
0.39121
0.39384
0.39603
0.39783
0.39928
0.4004
0.40123
0.40178
0.40208
0.40213
0.40196
0.40159
0.40102
0.40027
0.39936
0.39832
0.39716
0.39591
0.39459
0.39323
0.39186
0.39049
0.38917
0.38791
0.38672
0.38564
0.38468
0.38385
0.38315
0.3826
0.3822
0.38194
0.38182
0.38184
0.38198
0.38223
0.38258
0.38302
0.38352
0.38407
0.38464
0.38523
0.3858
0.38635
0.38685
0.38728
0.38764
0.3879
0.38806
0.3881
0.38803
0.38783
0.38752
0.3871
0.38658
0.38598
0.3853
0.38457
0.38381
0.38303
0.38225
0.38149
0.38074
0.38002
0.37931
0.37859
0.37784
0.37701
0.37606
0.37491
0.3735
0.37172
0.36949
0.36669
0.36322
0.35896
0.35378
0.34758
0.34025
0.33167
0.32178
0.31048
0.29771
0.28345
0.26766
0.25035
0.23154
0.21128
0.18964
0.16669
0.14257
0.11738
0.09128
0.064425
0.036985
0.0091413
-0.01892
-0.047006
-0.074923
-0.10248
-0.12948
-0.15573
-0.18106
-0.2053
-0.22826
-0.2498
-0.26978
-0.28804
-0.30448
-0.31897
-0.33143
-0.34176
-0.3499
-0.35578
-0.35936
-0.36063
-0.35955
-0.35614
-0.35042
-0.34242
-0.3322
-0.31981
-0.30535
-0.28892
-0.27062
-0.25059
-0.22898
-0.20594
-0.18163
-0.15623
-0.12993
-0.1029
-0.075357
-0.047477
-0.019456
0.0085181
0.036263
0.063605
0.09038
0.11644
0.14164
0.16586
0.189
0.21096
0.23167
0.25108
0.26915
0.28586
0.3012
0.31518
0.32782
0.33916
0.34923
0.3581
0.36582
0.37246
0.37809
0.38279
0.38663
0.38967
0.39201
0.39372
0.39486
0.3955
0.39572
0.39557
0.39512
0.39443
0.39355
0.39253
0.39142
0.39028
0.38914
0.38804
0.38702
0.38611
0.38534
0.38473
0.38429
0.38402
0.38392
0.38399
0.38419
0.3845
0.38486
0.38523
0.38554
0.38569
0.38562
0.38521
0.38436
0.38295
0.38088
0.37801
0.37424
0.36943
0.36349
0.35631
0.34779
0.33787
0.32647
0.31355
0.29908
0.28307
0.26552
0.24648
0.22601
0.20419
0.18112
0.15692
0.13174
0.10572
0.079025
0.051837
0.024334
-0.0033003
-0.030881
-0.058226
-0.085153
-0.11149
-0.13707
-0.16174
-0.18535
-0.20776
-0.22885
-0.24851
-0.26662
-0.2831
-0.29787
-0.31085
-0.32197
-0.33118
-0.33843
-0.34368
-0.3469
-0.34806
-0.34714
-0.34414
-0.33905
-0.33189
-0.32269
-0.31146
-0.29827
-0.28317
-0.26622
-0.24752
-0.22717
-0.20528
-0.18196
-0.15737
-0.13166
-0.10497
-0.077485
-0.049381
-0.02084
0.0079468
0.036789
0.065493
0.093866
0.12172
0.14886
0.17512
0.20031
0.22427
0.24684
0.26788
0.28724
0.3048
0.32046
0.3341
0.34565
0.35502
0.36217
0.36704
0.36961
0.36985
0.36778
0.3634
0.35673
0.34783
0.33674
0.32354
0.3083
0.29113
0.27212
0.2514
0.2291
0.20535
0.18031
0.15413
0.127
0.099069
0.070536
0.041585
0.012407
-0.016804
-0.045853
-0.074549
-0.1027
-0.13013
-0.15666
-0.18213
-0.2064
-0.22932
-0.25079
-0.27072
-0.28902
-0.30566
-0.32061
-0.33386
-0.34544
-0.3554
-0.3638
-0.37073
-0.37629
-0.38059
-0.38377
-0.38596
-0.38729
-0.38791
-0.38795
-0.38755
-0.38682
-0.38588
-0.38483
-0.38375
-0.38271
-0.38177
-0.38096
-0.38032
-0.37986
-0.37957
-0.37946
-0.3795
-0.37968
-0.37996
-0.38032
-0.38073
-0.38117
-0.38161
-0.38202
-0.38238
-0.38269
-0.38292
-0.38307
-0.38313
-0.38311
-0.383
-0.3828
-0.38252
-0.38216
-0.38173
-0.38124
-0.38069
-0.38009
-0.37946
-0.37881
-0.37814
-0.37748
-0.37684
-0.37624
-0.3757
-0.37524
-0.37489
-0.37465
-0.37456
-0.37462
-0.37486
-0.37529
-0.3759
-0.37669
-0.37767
-0.37881
-0.38008
-0.38146
-0.3829
-0.38435
-0.38575
-0.38704
-0.38815
-0.389
-0.38953
-0.38965
-0.38928
-0.38836
-0.38681
-0.38459
-0.38162
-0.37788
-0.37334
-0.36796
-0.36175
-0.35471
-0.34685
-0.33822
-0.32885
-0.31878
-0.30809
-0.29685
-0.28511
-0.27298
-0.26052
-0.24782
-0.23498
-0.22207
-0.20917
-0.19636
-0.18372
-0.17131
-0.15919
-0.14742
-0.13605
-0.12512
-0.11466
-0.10471
-0.095275
-0.086384
-0.078041
-0.07025
-0.063009
-0.056311
-0.050143
-0.04449
-0.039331
-0.034643
-0.030399
-0.02657
-0.023124
-0.02003
-0.017253
-0.01476
-0.012519
-0.010496
-0.0086609
-0.0069858
-0.0054447
-0.0040152
-0.0026783
-0.0014192
-0.0002269
0.00090521
0.0019798
0.0029956
0.003948
0.0048291
0.0056288
0.0063351
0.0069352
0.0074158
0.0077645
0.0079704
0.0080246
0.0079212
0.0076577
0.0072354
0.0066599
0.0059409
0.0050923
0.004132
0.0030812
0.0019644
0.00080796
-0.00036
-0.0015109
-0.0026164
-0.0036495
-0.004585
-0.0054008
-0.0060781
-0.0066026
-0.0069641
-0.0071575
-0.0071822
-0.0070429
-0.0067484
-0.0063118
-0.0057499
-0.0050823
-0.0043312
-0.0035199
-0.002673
-0.0018149
-0.00096912
-0.00015818
0.00059755
0.0012801
0.0018742
0.0023678
0.0027522
0.0030218
0.0031744
0.0032108
0.0031349
0.0029531
0.0026741
0.0023086
0.0018686
0.0013675
0.00081934
0.00023839
-0.00036101
-0.00096491
-0.0015601
-0.002134
-0.0026756
-0.0031747
-0.0036228
-0.0040126
-0.0043384
-0.004596
-0.0047827
-0.0048971
-0.0049396
-0.0049115
-0.0048156
-0.004656
-0.0044375
-0.0041662
-0.0038485
-0.0034918
-0.0031038
-0.0026923
-0.0022656
-0.0018316
-0.0013983
-0.0009732
-0.00056343
-0.00017548
0.0001849
0.00051283
0.00080435
0.0010566
0.0012677
0.001437
0.0015649
0.001653
0.0017037
0.0017204
0.0017074
0.0016693
0.0016112
0.0015385
0.0014563
0.0013693
0.001282
0.0011977
0.0011189
0.0010472
0.00098256
0.00092392
0.00086887
0.00081378
0.00075394
0.00068371
0.00059683
0.00048658
0.00034621
0.00016921
-5.029e-05
-0.00031721
-0.00063514
-0.0010061
-0.0014303
-0.0019059
-0.002429
-0.0029936
-0.0035917
-0.0042132
-0.0048464
-0.0054778
-0.0060926
-0.006675
-0.0072087
-0.0076767
-0.0080626
-0.0083504
-0.008525
-0.0085728
-0.0084822
-0.0082435
-0.0078499
-0.0072974
-0.006585
-0.0057152
-0.0046942
-0.0035317
-0.0022411
-0.0008394
0.00065308
0.0022128
0.0038135
0.0054268
0.0070225
0.0085695
0.010037
0.011393
0.012609
0.013658
0.014517
0.015163
0.015583
0.015765
0.015705
0.015401
0.014862
0.014099
0.013129
0.011975
0.010665
0.0092298
0.0077031
0.0061212
0.0045215
0.0029417
0.0014189
-1.1456e-05
-0.0013158
-0.0024637
-0.0034274
-0.0041832
-0.0047105
-0.0049924
-0.0050152
-0.004768
-0.0042423
-0.0034311
-0.0023285
-0.00092894
0.00077373
0.0027868
0.0051193
0.0077827
0.010791
0.014161
0.017914
0.022071
0.026658
0.031701
0.037229
0.043268
0.049845
0.05698
0.064693
0.072995
0.081888
0.091365
0.10141
0.11199
0.12305
0.13455
0.14639
0.1585
0.17075
0.18303
0.1952
0.20711
0.2186
0.22949
0.23962
0.24882
0.2569
0.26369
0.26904
0.27279
0.27481
0.27498
0.2732
0.26939
0.26351
0.25554
0.24546
0.23332
0.21917
0.20307
0.18515
0.16552
0.14433
0.12173
0.097913
0.073053
0.047349
0.021002
-0.0057847
-0.032805
-0.059857
-0.086739
-0.11326
-0.13922
-0.16446
-0.18879
-0.21204
-0.23408
-0.25475
-0.27391
-0.29145
-0.30725
-0.3212
-0.33322
-0.34322
-0.35112
-0.35688
-0.36045
-0.36178
-0.36086
-0.35769
-0.35225
-0.34458
-0.3347
-0.32267
-0.30854
-0.29239
-0.27431
-0.2544
-0.23277
-0.20955
-0.18489
-0.15893
-0.13184
-0.10378
-0.074952
-0.04553
-0.015714
0.014296
0.044296
0.07408
0.10344
0.13218
0.16009
0.18697
0.21264
0.23693
0.25965
0.28066
0.29982
0.31698
0.33206
0.34494
0.35557
0.36387
0.3698
0.37336
0.37452
0.37331
0.36975
0.36388
0.35576
0.34546
0.33305
0.31864
0.30233
0.28421
0.26441
0.24306
0.22028
0.19622
0.17101
0.14482
0.11778
0.090075
0.061856
0.033296
0.0045669
-0.024156
-0.052695
-0.080873
-0.10852
-0.13545
-0.16149
-0.1865
-0.21029
-0.23273
-0.25368
-0.27301
-0.29059
-0.30633
-0.32015
-0.33196
-0.3417
-0.34934
-0.35485
-0.35821
-0.35942
-0.35849
-0.35545
-0.35034
-0.34319
-0.33407
-0.32305
-0.31018
-0.29556
-0.27926
-0.26139
-0.24204
-0.22131
-0.19931
-0.17617
-0.152
-0.12692
-0.10107
-0.074585
-0.047607
-0.020283
0.0072356
0.034794
0.062234
0.089392
0.11611
0.14221
0.16755
0.19196
0.21527
0.23734
0.25801
0.27716
0.29464
0.31033
0.32412
0.33592
0.34564
0.35321
0.35858
0.3617
0.36254
0.36111
0.35741
0.35145
0.34329
0.33296
0.32055
0.30612
0.28978
0.27162
0.25177
0.23035
0.2075
0.18336
0.15808
0.13184
0.10478
0.077092
0.048941
0.020509
-0.008025
-0.03648
-0.064678
-0.092442
-0.1196
-0.14599
-0.17146
-0.19586
-0.21906
-0.24095
-0.26141
-0.28038
-0.29779
-0.3136
-0.32778
-0.34035
-0.35131
-0.36072
-0.36863
-0.37513
-0.3803
-0.38427
-0.38715
-0.38907
-0.39017
-0.39057
-0.39041
-0.38983
-0.38895
-0.38788
-0.38674
-0.38561
-0.38457
-0.3837
-0.38304
-0.38265
-0.38253
-0.38272
-0.38322
-0.38401
-0.38509
-0.38643
-0.388
-0.38976
-0.39167
-0.39369
-0.39576
-0.39782
-0.39982
-0.40168
-0.40333
-0.40469
-0.40569
-0.40622
-0.40621
-0.40555
-0.40414
-0.40189
-0.39867
-0.3944
-0.38897
-0.38228
-0.37425
-0.36481
-0.35387
-0.3414
-0.32735
-0.31171
-0.29448
-0.27567
-0.25534
-0.23354
-0.21035
-0.18589
-0.16028
-0.13366
-0.10619
-0.078034
-0.049382
-0.020424
0.0086461
0.03763
0.066333
0.094562
0.12213
0.14888
0.17463
0.19924
0.22259
0.24457
0.26509
0.28408
0.30149
0.31732
0.33154
0.34418
0.35529
0.36491
0.37311
0.37998
0.38563
0.39014
0.39365
0.39626
0.39808
0.39925
0.39986
0.40003
0.39985
0.39941
0.3988
0.39808
0.3973
0.39652
0.39577
0.39507
0.39445
0.39391
0.39346
0.39309
0.3928
0.39258
0.39242
0.39229
0.39218
0.39208
0.39195
0.39178
0.39152
0.39116
0.39063
0.38991
0.38892
0.3876
0.38588
0.38368
0.38092
0.37748
0.37329
0.36822
0.36217
0.35505
0.34675
0.33717
0.32625
0.3139
0.30008
0.28475
0.2679
0.24954
0.22971
0.20846
0.18588
0.16208
0.13719
0.11135
0.084749
0.057556
0.029971
0.0021964
-0.025561
-0.053096
-0.080206
-0.1067
-0.13239
-0.15712
-0.18074
-0.20312
-0.22416
-0.24377
-0.26189
-0.2785
-0.29357
-0.30711
-0.31917
-0.32978
-0.33902
-0.34696
-0.3537
-0.35933
-0.36397
-0.36773
-0.37071
-0.37304
-0.37481
-0.37613
-0.3771
-0.37781
-0.37832
-0.37871
-0.37904
-0.37936
-0.37969
-0.38008
-0.38053
-0.38106
-0.38167
-0.38234
-0.38308
-0.38387
-0.38467
-0.38548
-0.38626
-0.38697
-0.3876
-0.38809
-0.38842
-0.38854
-0.38841
-0.38798
-0.3872
-0.38602
-0.38439
-0.38224
-0.37951
-0.37614
-0.37207
-0.36722
-0.36153
-0.35494
-0.34737
-0.33878
-0.32909
-0.31827
-0.30627
-0.29306
-0.27862
-0.26294
-0.24602
-0.22788
-0.20856
-0.18811
-0.16659
-0.14409
-0.12069
-0.096521
-0.071696
-0.046354
-0.020641
0.0052867
0.03127
0.057146
0.082751
0.10792
0.1325
0.15635
0.17932
0.20128
0.22213
0.24177
0.26012
0.27712
0.29274
0.30694
0.31974
0.33116
0.34121
0.34997
0.3575
0.36386
0.36917
0.3735
0.37696
0.37967
0.38171
0.3832
0.38423
0.38489
0.38528
0.38546
0.3855
0.38547
0.38539
0.38532
0.38528
0.38528
0.38535
0.38547
0.38566
0.3859
0.38619
0.38652
0.38687
0.38724
0.38762
0.38799
0.38835
0.3887
0.38903
0.38933
0.38962
0.3899
0.39016
0.39041
0.39065
0.39089
0.39113
0.39136
0.3916
0.39183
0.39205
0.39225
0.39243
0.39258
0.3927
0.39275
0.39275
0.39268
0.39252
0.39228
0.39194
0.3915
0.39097
0.39034
0.38963
0.38883
0.38797
0.38706
0.38612
0.38516
0.38421
0.38329
0.38242
0.38162
0.38091
0.38029
0.37979
0.3794
0.37913
0.37897
0.37892
0.37897
0.37909
0.37928
0.3795
0.37973
0.37996
0.38014
0.38027
0.38033
0.38029
0.38014
0.37989
0.37952
0.37904
0.37846
0.3778
0.37708
0.37631
0.37553
0.37476
0.37404
0.3734
0.37286
0.37245
0.37219
0.3721
0.3722
0.37248
0.37294
0.37357
0.37437
0.37529
0.37631
0.37739
0.37847
0.3795
0.38043
0.38118
0.38168
0.38186
0.38164
0.38095
0.37969
0.37779
0.37517
0.37176
0.36748
0.36225
0.35603
0.34875
0.34035
0.3308
0.32006
0.30811
0.29493
0.28053
0.26491
0.2481
0.23013
0.21104
0.1909
0.16978
0.14777
0.12495
0.10143
0.077327
0.05276
0.027859
0.0027561
-0.02241
-0.047498
-0.072366
-0.096873
-0.12088
-0.14424
-0.16683
-0.1885
-0.20915
-0.22865
-0.24687
-0.26373
-0.27913
-0.29296
-0.30515
-0.31562
-0.32432
-0.33118
-0.33615
-0.33919
-0.34028
-0.3394
-0.33653
-0.33167
-0.32483
-0.31605
-0.30533
-0.29275
-0.27833
-0.26217
-0.24433
-0.2249
-0.204
-0.18173
-0.15823
-0.13363
-0.10808
-0.08173
-0.054749
-0.027306
0.00042421
0.028261
0.056022
0.083524
0.11059
0.13703
0.16267
0.18733
0.21086
0.23309
0.25388
0.27307
0.29054
0.30617
0.31985
0.33149
0.341
0.34832
0.3534
0.35619
0.35667
0.35484
0.3507
0.34427
0.3356
0.32472
0.31171
0.29664
0.27961
0.26074
0.24013
0.21792
0.19426
0.1693
0.1432
0.11614
0.088298
0.059864
0.031028
0.0019854
-0.027066
-0.05593
-0.084409
-0.11231
-0.13945
-0.16563
-0.1907
-0.21448
-0.23682
-0.25757
-0.27662
-0.29384
-0.30913
-0.32242
-0.33363
-0.34272
-0.34963
-0.35437
-0.35691
-0.35727
-0.35548
-0.35156
-0.34558
-0.33758
-0.32764
-0.31585
-0.30228
-0.28704
-0.27022
-0.25195
-0.23233
-0.21149
-0.18954
-0.16662
-0.14286
-0.11839
-0.093337
-0.067848
-0.042057
-0.016099
0.0098893
0.035773
0.06142
0.086701
0.11149
0.13568
0.15914
0.18177
0.20348
0.22417
0.24378
0.26223
0.27947
0.29545
0.31015
0.32354
0.33563
0.34641
0.35592
0.36418
0.37123
0.37713
0.38195
0.38575
0.38862
0.39064
0.39191
0.39252
0.39257
0.39216
0.39139
0.39036
0.38917
0.3879
0.38664
0.38548
0.38447
0.38367
0.38315
0.38293
0.38303
0.38348
0.38426
0.38537
0.38677
0.38841
0.39025
0.39222
0.39423
0.39619
0.39801
0.39958
0.40078
0.40151
0.40164
0.40105
0.39963
0.39727
0.39386
0.38931
0.38352
0.37643
0.36795
0.35805
0.34668
0.33382
0.31946
0.30359
0.28624
0.26744
0.24723
0.22567
0.20283
0.1788
0.15367
0.12756
0.10058
0.072873
0.044582
0.015866
-0.013108
-0.042161
-0.071108
-0.099755
-0.1279
-0.15535
-0.18189
-0.20733
-0.23146
-0.25409
-0.27504
-0.29414
-0.31123
-0.32618
-0.33887
-0.3492
-0.3571
-0.36252
-0.36542
-0.36581
-0.36372
-0.35918
-0.35227
-0.34306
-0.33167
-0.31821
-0.30282
-0.28564
-0.26682
-0.24653
-0.22493
-0.20218
-0.17845
-0.15392
-0.12874
-0.10309
-0.077133
-0.051016
-0.024899
0.001071
0.02675
0.052002
0.076699
0.10072
0.12396
0.14631
0.16769
0.18802
0.20724
0.22531
0.24219
0.25788
0.27237
0.28568
0.29784
0.3089
0.31893
0.32797
0.33612
0.34345
0.35004
0.35599
0.36137
0.36626
0.37073
0.37484
0.37864
0.38219
0.38549
0.38859
0.39149
0.39418
0.39667
0.39895
0.40098
0.40276
0.40427
0.40548
0.40638
0.40695
0.40718
0.40707
0.40662
0.40582
0.4047
0.40325
0.4015
0.39945
0.39712
0.39453
0.39166
0.38852
0.38511
0.3814
0.37737
0.37298
0.36819
0.36293
0.35715
0.35077
0.34372
0.3359
0.32724
0.31766
0.30707
0.29539
0.28257
0.26854
0.25327
0.23671
0.21888
0.19977
0.17941
0.15786
0.1352
0.11153
0.086953
0.061629
0.035716
0.0093942
-0.017139
-0.043673
-0.06999
-0.095863
-0.12107
-0.14537
-0.16856
-0.19042
-0.21076
-0.2294
-0.24618
-0.26097
-0.27366
-0.28419
-0.29249
-0.29856
-0.30241
-0.30409
-0.30366
-0.30122
-0.2969
-0.29084
-0.2832
-0.27416
-0.2639
-0.25262
-0.24051
-0.22776
-0.21456
-0.2011
-0.18755
-0.17406
-0.16078
-0.14784
-0.13536
-0.12343
-0.11212
-0.1015
-0.091614
-0.082483
-0.074123
-0.066532
-0.059696
-0.053591
-0.048183
-0.04343
-0.039283
-0.03569
-0.032595
-0.029939
-0.027665
-0.025714
-0.02403
-0.02256
-0.021253
-0.020063
-0.018951
-0.01788
-0.016821
-0.01575
-0.014647
-0.013502
-0.012307
-0.011059
-0.0097618
-0.0084218
-0.0070488
-0.0056556
-0.0042566
-0.0028678
-0.0015055
-0.00018611
0.0010746
0.0022618
0.0033624
0.0043648
0.0052595
0.006039
0.0066979
0.0072328
0.0076426
0.0079275
0.0080897
0.0081329
0.0080619
0.0078827
0.0076024
0.0072288
0.0067704
0.0062364
0.0056366
0.0049811
0.0042805
0.0035456
0.0027877
0.0020179
0.0012475
0.00048766
-0.00025092
-0.0009579
-0.0016237
-0.0022395
-0.0027978
-0.0032921
-0.0037175
-0.0040707
-0.0043496
-0.0045541
-0.0046851
-0.004745
-0.0047373
-0.0046664
-0.0045374
-0.0043559
-0.0041276
-0.0038583
-0.0035533
-0.0032178
-0.0028561
-0.0024721
-0.0020687
-0.0016481
-0.0012116
-0.00075987
-0.00029293
0.00018975
0.00068901
0.0012059
0.0017413
0.0022962
0.0028709
0.0034653
0.0040785
0.0047088
0.0053536
0.0060093
0.0066716
0.0073351
0.0079937
0.0086406
0.0092687
0.0098705
0.010439
0.010966
0.011445
0.01187
0.012236
0.012539
0.012774
0.012941
0.013038
0.013067
0.013029
0.012928
0.012768
0.012554
0.012292
0.011988
0.011651
0.011286
0.010901
0.010503
0.010099
0.0096946
0.0092957
0.0089071
0.0085333
0.0081778
0.0078434
0.0075323
0.007246
0.0069854
0.0067508
0.0065419
0.006358
0.0061981
0.0060606
0.0059438
0.0058454
0.005763
0.005694
0.0056354
0.0055841
0.0055366
0.0054895
0.0054391
0.0053816
0.0053133
0.0052305
0.0051297
0.0050075
0.004861
0.0046877
0.0044855
0.0042533
0.0039904
0.0036971
0.0033744
0.0030244
0.0026499
0.0022546
0.0018429
0.0014201
0.00099198
0.00056468
0.00014469
-0.00026139
-0.00064701
-0.0010058
-0.0013318
-0.0016194
-0.0018635
-0.0020599
-0.0022047
-0.0022952
-0.0023292
-0.0023054
-0.0022234
-0.0020837
-0.0018874
-0.0016368
-0.0013349
-0.00098585
-0.00059451
-0.0001669
0.00029002
0.0007683
0.001259
0.0017524
0.0022379
0.0027041
0.0031394
0.0035317
0.003869
0.0041394
0.0043317
0.0044357
0.0044423
0.004344
0.0041353
0.0038127
0.0033754
0.0028249
0.0021656
0.0014045
0.00055132
-0.00038162
-0.0013798
-0.0024266
-0.0035037
-0.0045917
-0.0056701
-0.0067182
-0.0077155
-0.0086419
-0.0094786
-0.010208
-0.010815
-0.011287
-0.011611
-0.011781
-0.011792
-0.011641
-0.011329
-0.010859
-0.010239
-0.0094779
-0.0085861
-0.0075776
-0.0064677
-0.0052733
-0.004012
-0.0027024
-0.0013635
-1.4262e-05
0.0013268
0.0026415
0.0039131
0.0051255
0.0062644
0.0073172
0.0082729
0.0091225
0.0098591
0.010478
0.010976
0.011354
0.011612
0.011753
0.011784
0.011711
0.011543
0.011288
0.010958
0.010563
0.010113
0.0096215
0.0090974
0.0085509
0.0079912
0.0074261
0.0068624
0.0063055
0.0057593
0.0052268
0.0047093
0.0042073
0.0037203
0.0032469
0.0027851
0.0023326
0.0018866
0.0014445
0.0010037
0.0005619
0.00011705
-0.00033229
-0.00078698
-0.0012472
-0.0017126
-0.0021817
-0.0026526
-0.0031221
-0.0035863
-0.0040402
-0.0044777
-0.0048916
-0.0052731
-0.005612
-0.0058968
-0.0061139
-0.006248
-0.0062817
-0.0061955
-0.0059677
-0.0055742
-0.0049886
-0.004182
-0.0031233
-0.0017788
-0.00011287
0.0019124
0.0043365
0.0072003
0.010546
0.014414
0.018848
0.023886
0.029565
0.035917
0.042971
0.050745
0.05925
0.068486
0.078441
0.089089
0.10039
0.11228
0.12469
0.13752
0.15067
0.16401
0.17738
0.19064
0.20361
0.21612
0.22796
0.23895
0.2489
0.25762
0.26492
0.27065
0.27463
0.27674
0.27686
0.27491
0.27082
0.26456
0.25612
0.24553
0.23285
0.21815
0.20154
0.18315
0.16313
0.14164
0.11887
0.094995
0.070221
0.044742
0.018757
-0.0075383
-0.033952
-0.0603
-0.086404
-0.11209
-0.13721
-0.1616
-0.18512
-0.20763
-0.229
-0.24912
-0.26785
-0.2851
-0.30075
-0.3147
-0.32686
-0.33713
-0.34543
-0.35169
-0.35584
-0.35783
-0.35761
-0.35516
-0.35046
-0.34352
-0.33436
-0.32302
-0.30955
-0.29405
-0.2766
-0.25731
-0.23632
-0.21378
-0.18983
-0.16465
-0.13842
-0.11132
-0.083538
-0.055274
-0.026717
0.0019405
0.03051
0.058807
0.086655
0.11388
0.14032
0.16582
0.19023
0.21341
0.23523
0.25558
0.27434
0.2914
0.30667
0.32007
0.33151
0.34094
0.34829
0.35351
0.35657
0.35745
0.35612
0.35259
0.34687
0.33898
0.32896
0.31685
0.30273
0.28667
0.26875
0.2491
0.22781
0.20503
0.18089
0.15555
0.12917
0.10191
0.073967
0.04552
0.016759
-0.012119
-0.040919
-0.069443
-0.097497
-0.12489
-0.15143
-0.17695
-0.20126
-0.22421
-0.24566
-0.26546
-0.28348
-0.29964
-0.31382
-0.32596
-0.33599
-0.34387
-0.34958
-0.35309
-0.35442
-0.35358
-0.3506
-0.34552
-0.33839
-0.32929
-0.31828
-0.30544
-0.29088
-0.27467
-0.25693
-0.23776
-0.21729
-0.19562
-0.17289
-0.14922
-0.12474
-0.099594
-0.073918
-0.047856
-0.021553
0.0048438
0.031184
0.05732
0.083101
0.10838
0.13301
0.15685
0.17975
0.2016
0.22225
0.2416
0.25952
0.27591
0.29069
0.30375
0.31504
0.32448
0.33202
0.33761
0.34123
0.34285
0.34246
0.34005
0.33565
0.32925
0.32091
0.31066
0.29855
0.28464
0.26901
0.25173
0.23289
0.2126
0.19096
0.16809
0.14411
0.11916
0.093362
0.066874
0.039845
0.012429
-0.015209
-0.042904
-0.070486
-0.097782
-0.12462
-0.15081
-0.1762
-0.20059
-0.22383
-0.24574
-0.26616
-0.28493
-0.30191
-0.31696
-0.32997
-0.34081
-0.34939
-0.35564
-0.3595
-0.36092
-0.35988
-0.35638
-0.35043
-0.34208
-0.33139
-0.31842
-0.30328
-0.28608
-0.26694
-0.24601
-0.22345
-0.19941
-0.17408
-0.14763
-0.12026
-0.09216
-0.063519
-0.034535
-0.0054012
0.023689
0.052548
0.080991
0.10884
0.13592
0.16207
0.18713
0.21096
0.23341
0.25435
0.27368
0.29129
0.30707
0.32096
0.33287
0.34276
0.35058
0.3563
0.35989
0.36137
0.36072
0.35797
0.35316
0.34631
0.33748
0.32673
0.31414
0.29976
0.2837
0.26603
0.24687
0.22629
0.20442
0.18137
0.15724
0.13216
0.10625
0.079651
0.052484
0.024892
-0.0029823
-0.030988
-0.058971
-0.086771
-0.11422
-0.14116
-0.1674
-0.19278
-0.21712
-0.24024
-0.26196
-0.28213
-0.30056
-0.31711
-0.33164
-0.344
-0.35409
-0.3618
-0.36706
-0.3698
-0.36999
-0.36761
-0.36268
-0.35522
-0.34529
-0.33297
-0.31836
-0.30159
-0.28279
-0.26211
-0.23974
-0.21584
-0.19062
-0.16427
-0.13698
-0.10897
-0.080432
-0.051569
-0.022574
0.0063661
0.03507
0.063367
0.091095
0.1181
0.14424
0.16938
0.1934
0.21618
0.23761
0.2576
0.27605
0.29288
0.30801
0.32136
0.33287
0.34248
0.35014
0.3558
0.35942
0.36098
0.36045
0.35782
0.35309
0.34627
0.33739
0.32649
0.31361
0.29882
0.2822
0.26384
0.24385
0.22235
0.19948
0.17538
0.15021
0.12414
0.097341
0.069997
0.042292
0.014411
-0.013458
-0.041133
-0.068434
-0.095189
-0.12123
-0.14641
-0.17056
-0.19357
-0.2153
-0.23564
-0.25449
-0.27176
-0.28736
-0.30123
-0.3133
-0.32353
-0.33188
-0.3383
-0.34277
-0.34528
-0.3458
-0.34434
-0.34089
-0.33547
-0.32809
-0.31877
-0.30754
-0.29445
-0.27954
-0.26287
-0.24451
-0.22455
-0.20306
-0.18017
-0.15598
-0.13063
-0.10425
-0.07701
-0.049067
-0.020604
0.0081935
0.037128
0.065995
0.094589
0.1227
0.15011
0.17662
0.20202
0.22612
0.24873
0.26967
0.2888
0.30596
0.32103
0.33391
0.34451
0.35276
0.35864
0.36211
0.36317
0.36184
0.35816
0.35218
0.34396
0.33359
0.32117
0.30679
0.29058
0.27264
0.25311
0.23211
0.20979
0.18628
0.16172
0.13626
0.11004
0.083229
0.055964
0.028405
0.00070936
-0.026965
-0.05446
-0.081618
-0.10828
-0.1343
-0.15953
-0.18383
-0.20707
-0.22914
-0.24993
-0.26934
-0.28732
-0.30381
-0.31876
-0.33218
-0.34406
-0.35443
-0.36333
-0.37082
-0.37698
-0.38189
-0.38566
-0.3884
-0.39021
-0.39121
-0.39154
-0.39129
-0.3906
-0.38956
-0.38828
-0.38686
-0.38538
-0.38391
-0.38252
-0.38127
-0.38021
-0.37936
-0.37875
-0.3784
-0.37832
-0.37851
-0.37897
-0.37967
-0.3806
-0.38175
-0.38309
-0.38458
-0.3862
-0.38791
-0.38968
-0.39148
-0.39327
-0.39501
-0.39668
-0.39825
-0.39968
-0.40096
-0.40206
-0.40297
-0.40368
-0.40419
-0.40448
-0.40457
-0.40446
-0.40416
-0.4037
-0.40309
-0.40235
-0.4015
-0.40057
-0.39959
-0.39857
-0.39754
-0.39651
-0.39551
-0.39456
-0.39366
-0.39283
-0.39207
-0.39138
-0.39078
-0.39025
-0.3898
-0.3894
-0.38905
-0.38874
-0.38844
-0.38812
-0.38775
-0.3873
-0.38672
-0.38596
-0.38496
-0.38366
-0.38199
-0.37987
-0.37722
-0.37396
-0.36998
-0.3652
-0.35953
-0.35287
-0.34514
-0.33626
-0.32615
-0.31475
-0.30201
-0.2879
-0.27239
-0.25548
-0.2372
-0.21757
-0.19666
-0.17453
-0.15128
-0.12701
-0.10186
-0.075957
-0.049461
-0.022531
0.0046641
0.031948
0.059144
0.086073
0.11256
0.13842
0.1635
0.18762
0.21064
0.23241
0.25278
0.27164
0.28886
0.30434
0.31799
0.32971
0.33944
0.34712
0.35268
0.3561
0.35734
0.35639
0.35323
0.34789
0.34037
0.3307
0.31894
0.30514
0.28937
0.27172
0.2523
0.23121
0.2086
0.1846
0.15938
0.1331
0.10595
0.078125
0.049818
0.021236
-0.007412
-0.035919
-0.064081
-0.091698
-0.11858
-0.14455
-0.16945
-0.19313
-0.21547
-0.23636
-0.25572
-0.27349
-0.28966
-0.30419
-0.31712
-0.32847
-0.3383
-0.34669
-0.35372
-0.3595
-0.36414
-0.36775
-0.37045
-0.37237
-0.37362
-0.37432
-0.37457
-0.37448
-0.37413
-0.3736
-0.37296
-0.37227
-0.37158
-0.37091
-0.37031
-0.36978
-0.36935
-0.369
-0.36876
-0.3686
-0.36854
-0.36855
-0.36862
-0.36875
-0.36893
-0.36914
-0.36938
-0.36962
-0.36987
-0.37012
-0.37034
-0.37055
-0.37074
-0.37089
-0.37101
-0.37109
-0.37114
-0.37115
-0.37114
-0.3711
-0.37105
-0.37099
-0.37093
-0.37089
-0.37088
-0.37091
-0.37098
-0.37112
-0.37132
-0.37159
-0.37194
-0.37236
-0.37285
-0.3734
-0.37401
-0.37467
-0.37535
-0.37606
-0.37676
-0.37745
-0.37812
-0.37875
-0.37932
-0.37984
-0.3803
-0.38069
-0.38102
-0.3813
-0.38152
-0.38169
-0.38184
-0.38197
-0.38209
-0.38222
-0.38237
-0.38254
-0.38275
-0.38301
-0.3833
-0.38364
-0.38402
-0.38442
-0.38484
-0.38526
-0.38568
-0.38608
-0.38644
-0.38676
-0.38702
-0.38723
-0.38738
-0.38748
-0.38754
-0.38757
-0.3876
-0.38764
-0.38774
-0.38791
-0.38819
-0.38861
-0.38918
-0.38992
-0.39084
-0.39195
-0.39323
-0.39464
-0.39616
-0.39773
-0.39928
-0.40072
-0.40195
-0.40288
-0.40338
-0.40332
-0.40258
-0.40102
-0.39851
-0.39492
-0.39015
-0.38407
-0.3766
-0.36766
-0.35719
-0.34514
-0.33151
-0.3163
-0.29952
-0.28122
-0.26148
-0.24038
-0.21802
-0.19452
-0.17002
-0.14466
-0.11859
-0.091975
-0.064982
-0.037777
-0.010526
0.016605
0.043453
0.069861
0.095679
0.12076
0.14497
0.16817
0.19025
0.2111
0.2306
0.24867
0.26522
0.28017
0.29344
0.30499
0.31474
0.32267
0.32873
0.33289
0.33514
0.33546
0.33385
0.33031
0.32487
0.31755
0.30838
0.2974
0.28467
0.27026
0.25424
0.2367
0.21772
0.19741
0.1759
0.1533
0.12975
0.10538
0.080352
0.054813
0.028921
0.0028384
-0.023274
-0.049254
-0.074945
-0.10019
-0.12485
-0.14878
-0.17185
-0.19396
-0.21499
-0.23487
-0.25352
-0.27089
-0.28695
-0.30168
-0.31507
-0.32715
-0.33793
-0.34746
-0.3558
-0.363
-0.36914
-0.3743
-0.37857
-0.38202
-0.38474
-0.38681
-0.38833
-0.38936
-0.38998
-0.39026
-0.39027
-0.39005
-0.38967
-0.38915
-0.38856
-0.38791
-0.38723
-0.38656
-0.3859
-0.38529
-0.38472
-0.3842
-0.38375
-0.38336
-0.38302
-0.38273
-0.38247
-0.3822
-0.38191
-0.38156
-0.38109
-0.38046
-0.3796
-0.37844
-0.3769
-0.3749
-0.37236
-0.36918
-0.36527
-0.36054
-0.35488
-0.34822
-0.34048
-0.33157
-0.32144
-0.31004
-0.29732
-0.28325
-0.26783
-0.25107
-0.23299
-0.21362
-0.19303
-0.17129
-0.14849
-0.12473
-0.10013
-0.074829
-0.048967
-0.022697
0.0038199
0.030417
0.056926
0.083174
0.10899
0.13422
0.15869
0.18225
0.20478
0.22613
0.24621
0.26491
0.28216
0.29791
0.31213
0.32479
0.3359
0.3455
0.35363
0.36035
0.36574
0.3699
0.37293
0.37496
0.37611
0.3765
0.37627
0.37555
0.37446
0.37313
0.37167
0.37017
0.36874
0.36744
0.36636
0.36552
0.36497
0.36474
0.36482
0.36521
0.36589
0.36682
0.36797
0.36928
0.37069
0.37214
0.37355
0.37486
0.37598
0.37685
0.37738
0.37751
0.37717
0.37629
0.37484
0.37274
0.36998
0.36651
0.36232
0.3574
0.35174
0.34536
0.33828
0.33053
0.32214
0.31316
0.30366
0.29368
0.2833
0.27258
0.2616
0.25043
0.23915
0.22782
0.21653
0.20533
0.19429
0.18348
0.17293
0.1627
0.15284
0.14337
0.13431
0.12571
0.11756
0.10987
0.10266
0.095913
0.089628
0.083791
0.078387
0.073397
0.068798
0.064565
0.060669
0.057082
0.053771
0.050706
0.047852
0.045178
0.042652
0.040243
0.037922
0.035661
0.033438
0.031231
0.029021
0.026797
0.024549
0.02227
0.019962
0.017625
0.015269
0.012904
0.010544
0.0082059
0.0059088
0.0036729
0.0015192
-0.00053137
-0.0024589
-0.0042448
-0.0058729
-0.0073298
-0.0086052
-0.0096927
-0.010589
-0.011297
-0.011819
-0.012166
-0.01235
-0.012387
-0.012294
-0.012094
-0.011806
-0.011456
-0.011065
-0.010658
-0.010254
-0.0098745
-0.0095366
-0.0092547
-0.0090404
-0.0089014
-0.0088421
-0.0088631
-0.0089614
-0.0091307
-0.0093618
-0.0096427
-0.0099592
-0.010296
-0.010636
-0.010963
-0.011261
-0.011513
-0.011706
-0.011828
-0.011868
-0.011821
-0.011681
-0.011447
-0.011122
-0.01071
-0.010218
-0.0096557
-0.0090345
-0.0083669
-0.0076665
-0.0069465
-0.0062197
-0.0054979
-0.0047908
-0.004106
-0.0034485
-0.0028206
-0.0022216
-0.0016481
-0.0010943
-0.00055237
-1.2857e-05
0.0005345
0.0011002
0.001694
0.0023248
0.0029992
0.0037214
0.0044928
0.0053113
0.0061715
0.0070647
0.0079789
0.0088994
0.0098092
0.01069
0.011522
0.012287
0.012966
0.013545
0.014008
0.014347
0.014556
0.014633
0.014581
0.014407
0.014121
0.013739
0.013278
0.012756
0.012194
0.011614
0.011035
0.010475
0.0099525
0.0094796
0.0090669
0.0087211
0.008445
0.0082376
0.0080944
0.0080077
0.0079672
0.0079606
0.0079743
0.0079943
0.0080068
0.0079989
0.0079592
0.0078787
0.0077507
0.0075713
0.0073396
0.0070574
0.0067292
0.0063617
0.0059637
0.0055452
0.0051168
0.0046897
0.0042744
0.0038807
0.0035171
0.0031903
0.0029051
0.0026646
0.0024696
0.0023191
0.0022102
0.0021386
0.0020987
0.0020838
0.0020867
0.0020999
0.0021159
0.0021278
0.0021291
0.0021142
0.0020784
0.0020182
0.0019312
0.001816
0.0016722
0.0015005
0.0013019
0.0010783
0.00083196
0.00056522
0.00028058
-1.9522e-05
-0.00033282
-0.00065728
-0.00099106
-0.0013326
-0.0016804
-0.0020332
-0.0023898
-0.0027491
-0.0031098
-0.0034708
-0.0038307
-0.0041881
-0.0045414
-0.0048889
-0.0052286
-0.0055585
-0.0058766
-0.0061807
-0.0064684
-0.0067379
-0.006987
-0.0072141
-0.007418
-0.0075975
-0.0077525
-0.007883
-0.0079901
-0.0080751
-0.0081405
-0.008189
-0.0082242
-0.0082501
-0.008271
-0.0082916
-0.0083166
-0.0083504
-0.0083972
-0.0084606
-0.0085435
-0.0086479
-0.0087746
-0.0089234
-0.0090926
-0.0092793
-0.0094794
-0.0096876
-0.0098976
-0.010102
-0.010293
-0.010463
-0.010603
-0.010705
-0.010763
-0.010769
-0.010718
-0.010606
-0.010431
-0.010192
-0.0098905
-0.0095282
-0.0091098
-0.0086408
-0.0081282
-0.0075799
-0.0070043
-0.0064104
-0.0058072
-0.0052033
-0.0046071
-0.004026
-0.0034666
-0.0029343
-0.0024338
-0.0019684
-0.0015404
-0.0011516
-0.00080272
-0.00049427
-0.00022642
7.0382e-07
0.00018679
0.00033121
0.00043284
0.00049006
0.00050066
0.00046196
0.00037089
0.00022414
1.8427e-05
-0.00024931
-0.00058156
-0.00098004
-0.0014453
-0.0019766
-0.0025716
-0.0032261
-0.0039343
-0.0046884
-0.0054786
-0.0062937
-0.0071207
-0.0079458
-0.0087539
-0.0095296
-0.010257
-0.010922
-0.01151
-0.012007
-0.012404
-0.01269
-0.01286
-0.01291
-0.012839
-0.012651
-0.01235
-0.011945
-0.011448
-0.010872
-0.010232
-0.0095446
-0.0088285
-0.008101
-0.0073795
-0.0066797
-0.006016
-0.0053996
-0.0048387
-0.0043376
-0.0038962
-0.0035096
-0.0031679
-0.0028556
-0.002552
-0.0022309
-0.0018607
-0.0014047
-0.00082153
-6.5417e-05
0.00091335
0.0021677
0.0037534
0.0057279
0.0081497
0.011078
0.014569
0.018679
0.02346
0.028957
0.035211
0.042253
0.050103
0.05877
0.06825
0.078522
0.089549
0.10128
0.11363
0.12652
0.13983
0.15343
0.16718
0.1809
0.19442
0.20755
0.22009
0.23184
0.24258
0.25213
0.26028
0.26685
0.27167
0.27459
0.27548
0.27425
0.27081
0.26513
0.25719
0.247
0.23462
0.22013
0.20362
0.18523
0.16511
0.14344
0.12041
0.09621
0.07106
0.045173
0.018767
-0.007942
-0.03474
-0.061419
-0.087782
-0.11364
-0.1388
-0.16311
-0.18641
-0.20855
-0.22939
-0.24881
-0.2667
-0.28295
-0.29747
-0.31018
-0.321
-0.32987
-0.33673
-0.34153
-0.34425
-0.34486
-0.34335
-0.33972
-0.33398
-0.32616
-0.3163
-0.30444
-0.29065
-0.27502
-0.25762
-0.23856
-0.21794
-0.1959
-0.17256
-0.14807
-0.12257
-0.096225
-0.06919
-0.041637
-0.013739
0.014326
0.042378
0.070235
0.097716
0.12464
0.15082
0.17609
0.20026
0.22318
0.24468
0.26461
0.28282
0.29919
0.31361
0.32595
0.33614
0.34411
0.3498
0.35316
0.35419
0.35288
0.34924
0.34332
0.33517
0.32485
0.31244
0.29806
0.2818
0.2638
0.24419
0.2231
0.20071
0.17715
0.15261
0.12723
0.10119
0.074671
0.047827
0.020833
-0.006148
-0.032952
-0.059422
-0.085405
-0.11075
-0.13533
-0.159
-0.18164
-0.20314
-0.22338
-0.24226
-0.2597
-0.27562
-0.28994
-0.30259
-0.31352
-0.3227
-0.33007
-0.3356
-0.33928
-0.34109
-0.34102
-0.33907
-0.33525
-0.32956
-0.32202
-0.31267
-0.30152
-0.28863
-0.27403
-0.25779
-0.23996
-0.22062
-0.19985
-0.17775
-0.15442
-0.12998
-0.10456
-0.078302
-0.051356
-0.023887
0.0039323
0.031918
0.059879
0.087622
0.11494
0.14165
0.16753
0.1924
0.21606
0.23833
0.25905
0.27806
0.29521
0.31038
0.32347
0.33439
0.34307
0.34947
0.35357
0.35536
0.35484
0.35206
0.34706
0.33989
0.33064
0.31939
0.30624
0.29128
0.27462
0.25639
0.2367
0.21567
0.19343
0.17012
0.14585
0.12078
0.095024
0.06874
0.042068
0.015157
-0.011846
-0.038786
-0.065511
-0.091869
-0.11771
-0.14288
-0.16724
-0.19066
-0.21301
-0.23418
-0.25406
-0.27257
-0.28964
-0.30523
-0.3193
-0.33185
-0.34288
-0.35243
-0.36053
-0.36726
-0.3727
-0.37694
-0.38007
-0.38223
-0.38351
-0.38405
-0.38395
-0.38336
-0.38236
-0.38109
-0.37963
-0.37808
-0.37652
-0.37501
-0.37363
-0.3724
-0.37137
-0.37057
-0.36999
-0.36966
-0.36955
-0.36967
-0.36998
-0.37047
-0.37111
-0.37187
-0.37271
-0.37361
-0.37453
-0.37544
-0.3763
-0.37711
-0.37783
-0.37843
-0.37892
-0.37926
-0.37946
-0.37951
-0.37941
-0.37916
-0.37876
-0.37823
-0.37758
-0.37682
-0.37597
-0.37504
-0.37407
-0.37305
-0.37203
-0.37102
-0.37003
-0.3691
-0.36823
-0.36745
-0.36677
-0.3662
-0.36576
-0.36546
-0.36529
-0.36527
-0.3654
-0.36567
-0.36606
-0.36658
-0.3672
-0.36789
-0.36862
-0.36936
-0.37007
-0.37069
-0.37117
-0.37144
-0.37143
-0.37107
-0.37027
-0.36894
-0.367
-0.36435
-0.36089
-0.35653
-0.35118
-0.34474
-0.33714
-0.32828
-0.31812
-0.30658
-0.29362
-0.27921
-0.26335
-0.24603
-0.22727
-0.20713
-0.18567
-0.16298
-0.13915
-0.11433
-0.088658
-0.062294
-0.035418
-0.0082199
0.019103
0.046346
0.073307
0.099783
0.12558
0.15051
0.17442
0.19714
0.21854
0.23852
0.257
0.27392
0.28926
0.30299
0.31516
0.32581
0.335
0.34281
0.34935
0.35473
0.35907
0.36249
0.36512
0.36708
0.36849
0.36945
0.37008
0.37044
0.37063
0.37071
0.37073
0.37073
0.37073
0.37077
0.37085
0.37098
0.37115
0.37138
0.37165
0.37195
0.37229
0.37266
0.37306
0.37348
0.37393
0.37441
0.37492
0.37545
0.37602
0.37661
0.37723
0.37787
0.37852
0.37918
0.37984
0.38047
0.38107
0.38162
0.38211
0.38252
0.38284
0.38305
0.38315
0.38314
0.38301
0.38275
0.38238
0.3819
0.38132
0.38066
0.37992
0.37912
0.37829
0.37744
0.37658
0.37573
0.37492
0.37415
0.37344
0.37279
0.37222
0.37173
0.37132
0.371
0.37075
0.37058
0.37048
0.37043
0.37043
0.37047
0.37053
0.37059
0.37065
0.3707
0.37071
0.37068
0.37059
0.37044
0.37023
0.36994
0.36957
0.36913
0.36862
0.36805
0.36741
0.36673
0.36601
0.36527
0.36452
0.36378
0.36308
0.36242
0.36184
0.36134
0.36095
0.36069
0.36058
0.36062
0.36085
0.36126
0.36186
0.36267
0.36367
0.36487
0.36624
0.36777
0.36943
0.37118
0.37297
0.37476
0.37647
0.37803
0.37935
0.38035
0.38092
0.38095
0.38033
0.37895
0.37669
0.37343
0.36906
0.36346
0.35655
0.34822
0.33841
0.32705
0.3141
0.29952
0.28331
0.26549
0.24609
0.22516
0.20277
0.17904
0.15406
0.12797
0.10093
0.073099
0.044649
0.015767
-0.01335
-0.042506
-0.071496
-0.10012
-0.12817
-0.15545
-0.18177
-0.20695
-0.2308
-0.25317
-0.27389
-0.29283
-0.30985
-0.32485
-0.33774
-0.34841
-0.35683
-0.36292
-0.36667
-0.36806
-0.36708
-0.36377
-0.35814
-0.35025
-0.34017
-0.32796
-0.31372
-0.29756
-0.27958
-0.2599
-0.23867
-0.21603
-0.19211
-0.16709
-0.14111
-0.11434
-0.086963
-0.059137
-0.031039
-0.0028435
0.025278
0.053156
0.080622
0.10752
0.13369
0.15899
0.18328
0.20644
0.22836
0.24895
0.26813
0.28584
0.30203
0.31668
0.3298
0.34138
0.35148
0.36013
0.36741
0.37339
0.37818
0.38187
0.38459
0.38644
0.38754
0.38802
0.388
0.38758
0.38687
0.38597
0.38497
0.38393
0.38292
0.382
0.3812
0.38054
0.38005
0.37973
0.37958
0.37959
0.37974
0.38001
0.38038
0.38083
0.38132
0.38184
0.38237
0.38287
0.38334
0.38376
0.38412
0.3844
0.38461
0.38474
0.38478
0.38475
0.38464
0.38445
0.38421
0.3839
0.38355
0.38316
0.38274
0.38231
0.38188
0.38145
0.38105
0.38069
0.38039
0.38015
0.38001
0.37996
0.38003
0.38023
0.38057
0.38105
0.38168
0.38245
0.38338
0.38443
0.3856
0.38687
0.3882
0.38956
0.3909
0.39218
0.39335
0.39433
0.39506
0.39547
0.39548
0.39502
0.39401
0.39237
0.39001
0.38687
0.38287
0.37794
0.37201
0.36504
0.35697
0.34777
0.3374
0.32585
0.3131
0.29916
0.28403
0.26775
0.25034
0.23184
0.21232
0.19183
0.17044
0.14823
0.12528
0.10169
0.077541
0.052947
0.028009
0.0028345
-0.022462
-0.047765
-0.072955
-0.09791
-0.1225
-0.14661
-0.17009
-0.19282
-0.21466
-0.23548
-0.25515
-0.27352
-0.29048
-0.30588
-0.31961
-0.33155
-0.3416
-0.34964
-0.35561
-0.35941
-0.361
-0.36032
-0.35735
-0.35209
-0.34453
-0.3347
-0.32265
-0.30844
-0.29215
-0.27388
-0.25374
-0.23186
-0.20839
-0.18348
-0.1573
-0.13001
-0.10182
-0.072909
-0.043473
-0.013715
0.016163
0.045958
0.075467
0.10449
0.13284
0.16031
0.18673
0.21192
0.23571
0.25795
0.27849
0.29721
0.31398
0.32871
0.34129
0.35168
0.35979
0.36561
0.3691
0.37026
0.3691
0.36564
0.35992
0.352
0.34195
0.32984
0.31576
0.29983
0.28214
0.26282
0.24201
0.21984
0.19645
0.17199
0.14662
0.1205
0.093788
0.066647
0.039244
0.011741
-0.015699
-0.042917
-0.069759
-0.096078
-0.12173
-0.1466
-0.17055
-0.19347
-0.21528
-0.2359
-0.25524
-0.27328
-0.28996
-0.30527
-0.3192
-0.33177
-0.34299
-0.3529
-0.36156
-0.369
-0.37531
-0.38056
-0.38483
-0.38819
-0.39075
-0.39258
-0.39377
-0.39442
-0.3946
-0.3944
-0.3939
-0.39316
-0.39225
-0.39123
-0.39015
-0.38906
-0.388
-0.38699
-0.38607
-0.38525
-0.38454
-0.38396
-0.3835
-0.38316
-0.38294
-0.38282
-0.38281
-0.38288
-0.38302
-0.38323
-0.38348
-0.38378
-0.38411
-0.38446
-0.38482
-0.3852
-0.38558
-0.38597
-0.38635
-0.38673
-0.38711
-0.38748
-0.38785
-0.38819
-0.38852
-0.38881
-0.38907
-0.38927
-0.38942
-0.38949
-0.38947
-0.38936
-0.38915
-0.38882
-0.38838
-0.38783
-0.38718
-0.38644
-0.38562
-0.38474
-0.38384
-0.38292
-0.38204
-0.3812
-0.38045
-0.37979
-0.37925
-0.37883
-0.37852
-0.37832
-0.37819
-0.37809
-0.37795
-0.37771
-0.37727
-0.37653
-0.37537
-0.37366
-0.37128
-0.36808
-0.36392
-0.35867
-0.3522
-0.34439
-0.33513
-0.32433
-0.31192
-0.29785
-0.28211
-0.26468
-0.24561
-0.22493
-0.20273
-0.17911
-0.15419
-0.12813
-0.10107
-0.073191
-0.044692
-0.015765
0.013387
0.042555
0.071534
0.10012
0.12811
0.15531
0.18154
0.20662
0.23039
0.25268
0.27337
0.29232
0.30941
0.32455
0.33764
0.3486
0.35738
0.36391
0.36818
0.37014
0.36979
0.36715
0.36221
0.35502
0.34562
0.33407
0.32044
0.30483
0.28733
0.26805
0.24713
0.2247
0.20092
0.17594
0.14993
0.12308
0.095564
0.067572
0.039295
0.010925
-0.017348
-0.045339
-0.072869
-0.099767
-0.12587
-0.15104
-0.17513
-0.19804
-0.21966
-0.23992
-0.25875
-0.27611
-0.29199
-0.30638
-0.31929
-0.33077
-0.34087
-0.34964
-0.35717
-0.36354
-0.36884
-0.37318
-0.37666
-0.37937
-0.38144
-0.38294
-0.38399
-0.38466
-0.38503
-0.38518
-0.38516
-0.38503
-0.38483
-0.38459
-0.38433
-0.38406
-0.38379
-0.3835
-0.38319
-0.38283
-0.38241
-0.38189
-0.38125
-0.38044
-0.37945
-0.37822
-0.37675
-0.375
-0.37295
-0.37058
-0.36787
-0.36482
-0.3614
-0.3576
-0.3534
-0.34879
-0.34376
-0.33827
-0.33231
-0.32585
-0.31886
-0.31132
-0.3032
-0.29447
-0.28512
-0.27514
-0.26451
-0.25326
-0.2414
-0.22896
-0.216
-0.20257
-0.18876
-0.17465
-0.16037
-0.14601
-0.13171
-0.11759
-0.10379
-0.090433
